-71 23 17029 66 -78 25
-89 32 16954 60 -82 17
-78 53 17031 65 -105 25
-100 61 16993 50 -70 15
-66 52 17003 46 -87 34
-18 42 16964 52 -85 40
-61 28 17010 59 -85 24
-63 43 16945 57 -87 43
-58 53 17006 57 -82 49
-59 52 16995 49 -80 45
-63 43 17010 44 -78 25
-77 45 16987 48 -114 22
-76 50 17009 57 -84 31
-105 66 17023 44 -101 20
-74 64 17044 66 -83 33
-69 33 16987 41 -79 32
-95 18 16985 54 -91 48
-61 31 17006 42 -87 27
-47 42 17036 55 -82 30
-75 47 17007 60 -82 25
-61 46 17011 56 -90 27
-84 34 17002 42 -84 35
-47 19 16962 53 -95 23
-55 37 16977 61 -72 35
-83 39 17016 45 -76 43
-77 51 16985 60 -76 16
-73 30 16965 46 -87 41
-87 33 16981 37 -71 30
-89 26 16979 52 -78 28
-55 18 16988 61 -99 28
-69 49 16977 43 -86 26
-80 35 17014 47 -79 37
-48 41 16987 41 -81 25
-53 31 17025 32 -87 40
-113 42 16980 51 -89 33
-55 62 17019 50 -90 24
-32 18 17001 59 -77 25
-67 42 16987 35 -83 36
-107 37 17008 53 -104 9
-70 49 17005 54 -90 29
-83 54 16966 43 -95 39
-57 51 17016 48 -79 42
-107 64 17002 50 -72 23
-76 48 16953 54 -95 36
-47 31 17011 35 -94 22
-91 23 17008 47 -92 33
-66 40 17005 49 -74 55
-48 48 17016 44 -71 31
-124 60 17031 61 -80 34
-105 7 16978 53 -86 25
-22 15 16955 57 -82 28
-78 39 17003 53 -93 31
-112 34 17007 54 -75 31
-45 23 17007 43 -77 34
-77 28 16992 38 -84 32
-94 37 17022 47 -80 31
-88 34 16999 49 -96 39
-75 61 16990 61 -84 41
-65 74 16993 52 -83 26
-81 24 16965 54 -82 26
-35 23 17034 61 -100 20
-78 39 17035 37 -92 17
-107 49 17023 54 -77 19
-74 61 17020 44 -79 36
-78 49 17016 43 -83 30
-60 46 17024 61 -83 39
-69 15 16969 33 -89 37
-75 28 17013 57 -71 44
-102 42 16983 47 -89 35
-81 29 16985 48 -79 28
-91 53 16998 43 -76 37
-67 49 17018 47 -66 19
-59 58 17005 56 -71 37
-51 31 17004 60 -80 48
-72 22 17003 61 -85 35
-78 33 17003 47 -106 48
-92 35 16980 47 -94 34
-26 32 16993 50 -87 29
-61 37 16978 53 -100 39
-109 32 17033 47 -75 35
-62 47 17012 51 -77 36
-77 44 16979 60 -87 39
-67 31 16985 62 -78 15
-60 39 16972 50 -75 26
-91 50 17039 61 -89 43
-52 57 16993 63 -90 29
-61 63 16989 60 -89 31
-100 19 17008 58 -93 44
-64 64 17009 47 -85 48
-87 61 17016 51 -78 36
-68 17 17000 50 -90 44
-45 39 17004 54 -79 35
-93 53 17003 41 -96 44
-71 39 16993 63 -85 30
-20 42 17011 51 -91 26
-96 61 16994 58 -88 34
-73 28 17005 57 -96 36
-88 45 16993 44 -93 21
-101 31 16969 56 -83 36
-69 20 16978 35 -87 22