-153 71 17007 46 -97 20
0 50 17001 28 -66 38
39 43 17000 49 -86 16
-127 -39 16996 44 -73 35
-206 -16 16980 47 -78 42
-62 97 17026 43 -75 50
15 176 17020 33 -88 32
-170 110 17012 52 -96 36
-135 -58 16969 44 -83 19
19 -27 16987 30 -91 17
-96 83 17013 29 -68 40
-83 147 16989 44 -73 46
-25 112 17023 52 -88 47
-110 26 16959 76 -88 13
-78 -57 16978 39 -69 47
-14 -3 17004 49 -60 11
-77 67 17028 44 -74 19
-136 83 16975 45 -75 31
-138 91 17041 49 -91 36
28 46 16981 52 -81 44
-49 -7 17006 59 -91 17
-135 25 17031 52 -83 31
-34 32 16995 57 -73 37
-44 58 16989 57 -88 32
-122 58 17027 56 -90 21
-95 56 16993 50 -82 40
4 34 16984 49 -76 27
-17 -8 17006 50 -88 30
-122 16 16960 54 -101 30
-73 22 16961 57 -94 35
-96 62 16977 48 -80 33
-97 54 17012 46 -95 24
-96 58 17031 52 -86 41
-57 22 16987 36 -87 19
-71 15 16941 57 -79 42
-94 35 17002 50 -74 32
-66 65 17003 61 -82 18
-61 56 17012 60 -86 39
-97 32 16983 59 -93 42
-72 31 17001 44 -100 29
-64 26 17000 48 -87 31
-101 16 17000 44 -90 37
-81 49 16990 37 -87 45
-70 40 17007 53 -80 32
-58 61 16996 46 -79 50
-75 43 17006 63 -93 36
-95 27 16988 34 -65 41
-54 8 16990 36 -92 39
-33 52 17028 40 -88 28
-90 32 16988 52 -85 26
-100 35 16949 49 -91 37
-51 54 17033 40 -88 33
-71 19 17030 52 -64 42
-97 41 17009 51 -91 42
-44 36 17001 35 -82 25
-57 23 16983 60 -88 14
-75 36 17019 49 -85 29
-79 40 17057 48 -91 29
-113 42 17021 51 -101 25
-43 22 16971 43 -66 34
-65 41 16993 47 -106 30
-103 35 17019 38 -84 31
-75 31 17003 45 -77 26
-77 25 16992 59 -91 29
-85 34 16981 49 -75 34
-50 38 17018 25 -92 28
-94 62 16999 58 -85 31
-54 32 16990 49 -96 32
-91 29 17030 47 -67 31
-67 32 17001 29 -76 37
-49 36 17001 51 -85 31
-65 61 16989 40 -82 27
-88 2 16959 67 -76 24
-97 33 17000 44 -71 36
-91 18 16993 53 -92 40
-95 57 17019 61 -88 45
-81 8 17013 48 -91 20
-63 19 17040 53 -86 21
-50 39 17015 52 -76 14
-78 47 16986 29 -82 50
-60 43 17019 54 -86 27
-90 29 16992 55 -78 20
-32 63 17019 35 -99 46
-81 42 17040 51 -69 23
-77 -4 16981 58 -92 36
-47 37 16980 47 -94 26
-80 43 17033 29 -78 32
-70 45 16991 47 -89 38
-60 36 17003 54 -98 55
-58 41 16998 57 -78 42
-90 55 16999 49 -96 26
-69 34 17057 54 -79 34
-95 40 16988 43 -74 12
-82 29 17017 67 -82 14
-104 -4 17004 49 -84 43
-77 35 17043 39 -73 28
-71 34 16998 48 -87 29
-73 25 16990 41 -89 33
-109 44 17010 53 -101 36
-72 27 17030 57 -83 14
-56 22 17003 46 -79 40
-87 59 16971 67 -61 32
-40 46 17012 51 -94 34
-80 33 17036 46 -76 42
-101 41 17007 54 -72 22
-124 44 17016 60 -75 24
-74 33 16982 57 -91 38
-64 29 17018 58 -86 25
-83 27 17003 52 -67 26
-68 40 16965 58 -70 27
-77 37 16982 50 -98 15
-85 24 17046 46 -70 41
-69 39 16997 39 -64 22
-65 61 17016 38 -83 39
-78 45 17024 40 -99 36
-66 46 16998 54 -94 14
-85 36 17055 45 -93 19
-94 29 17010 50 -91 35
-67 27 17017 34 -88 29
-91 61 17003 59 -96 49
-82 38 16959 47 -95 30
-57 -2 17010 54 -77 15
-76 76 16998 42 -71 22
-98 39 17025 63 -95 51
-89 38 16981 30 -91 34
-89 48 17010 50 -79 29
-53 51 17008 57 -84 34
-39 56 17000 46 -73 39
-93 38 17003 48 -90 20
-70 63 16989 49 -89 31
-69 53 17020 49 -95 25
-51 55 16981 54 -78 35
-75 7 16967 56 -86 22
-94 39 17048 36 -73 29
-88 26 16990 46 -83 41
-65 40 17000 50 -64 33
-70 36 16972 62 -102 31
-97 11 16972 31 -84 40
-74 45 16942 54 -82 15
-89 61 17006 53 -92 29
-37 42 17016 33 -62 51
-81 35 16978 56 -74 46
-60 47 17007 63 -95 27
-65 55 17009 53 -90 29
-60 27 16950 53 -76 28
-79 43 17004 38 -88 33
-115 42 16991 62 -90 40
-49 34 17022 41 -60 31
19 26 17120 48 -78 28
14 2 16904 54 -78 26
-130 30 17098 41 -103 36
-100 31 16973 63 -83 42
27 74 17036 57 -82 30
-58 15 16995 44 -79 32
-137 23 16967 41 -88 34
-74 23 17016 54 -62 42
-17 35 17019 44 -86 44
-105 38 17014 41 -81 36
-105 23 16992 52 -79 22
-67 15 16995 54 -74 38
-36 57 16994 57 -71 36
-58 31 17005 58 -89 32
-83 41 16980 55 -85 24
-56 11 17001 52 -84 31
-39 34 16986 43 -81 25
-127 8 16999 44 -93 43
-94 41 17044 60 -76 31
-69 68 17003 53 -70 34
-94 39 16957 37 -89 49
-107 15 16992 46 -106 23
-44 55 16998 54 -72 44
-49 26 17011 47 -92 24
-36 64 16984 57 -79 37
-70 38 17002 43 -80 19
-78 31 16962 46 -104 30
-46 41 17003 57 -92 27
-94 19 17003 48 -84 27
-66 25 17013 57 -90 36
-89 42 17001 60 -99 37
-51 38 17010 50 -90 20
-71 41 17044 33 -90 42
-91 -3 16957 43 -99 22
-75 46 16981 52 -72 25
-73 47 16976 55 -87 22
-100 51 17051 43 -88 28
-84 41 16981 56 -79 11
-56 43 16992 38 -88 35
-66 32 17057 54 -83 32
-83 26 16957 47 -76 30
-69 19 16986 51 -78 36
-21 56 17027 57 -95 22
-88 60 17017 37 -65 26
-65 50 16982 50 -92 22
-69 54 17041 35 -89 35
-64 35 17009 43 -89 21
-84 55 17014 45 -89 40
-51 45 17003 68 -81 29
-46 29 16981 55 -82 25
-33 37 16984 62 -81 34
-37 23 17008 54 -89 26
-63 45 16999 47 -94 35
-39 55 16991 56 -84 48
-74 41 17011 39 -93 33
-77 30 16966 51 -81 36
-81 40 16978 51 -78 6
-37 61 17001 33 -92 46
-67 43 16977 48 -69 41
-70 59 17022 53 -91 33
-56 35 17029 47 -76 30
-66 43 17001 46 -74 31
-40 41 16996 62 -74 38
-93 22 17032 47 -103 27
-81 41 17002 48 -95 28
-93 0 16964 56 -75 28
-89 41 16978 47 -73 34
-45 39 17030 48 -74 31
5 43 16997 45 -80 34
-86 32 17002 49 -71 9
-75 50 17001 51 -91 32
-79 17 16977 47 -80 37
-80 60 16997 48 -91 30
-56 48 17009 54 -94 40
-75 46 17035 71 -75 31
-75 58 17030 52 -79 39
-62 37 17013 51 -87 37
-75 35 17029 43 -99 19
-98 33 16993 36 -87 25
-74 51 17002 40 -86 40
-83 35 16966 58 -85 29
-63 40 16971 54 -96 24
-46 22 17005 51 -58 29
-73 37 16975 44 -68 7
-71 22 16985 50 -77 34
-91 22 16987 49 -78 14
-80 42 17040 45 -77 18
-86 57 17001 37 -87 18
-76 44 17004 57 -101 27
-67 40 16981 41 -93 41
-67 23 16964 52 -82 25
-93 40 17012 55 -91 45
-59 58 16992 66 -77 38
-77 48 17051 57 -82 49
-49 57 16995 59 -79 22
-37 40 17021 52 -85 18
-64 40 17046 60 -93 40
-31 28 16984 48 -84 31
-86 21 17028 34 -90 29
-62 51 17003 35 -92 29
-81 29 16991 54 -89 47
-72 39 17007 66 -75 17
-82 26 16985 53 -77 36
-79 35 16986 55 -64 38
-87 29 17004 40 -74 27
-92 29 16983 53 -91 39
-99 57 17025 40 -97 23
-96 37 17004 57 -102 21
-91 44 16992 56 -93 40
-81 18 17006 48 -87 34
-94 49 17004 49 -90 30
-81 48 17028 53 -78 30
-65 28 17007 58 -84 30
-97 57 17041 51 -77 35
-101 49 16976 57 -100 48
-56 52 17017 53 -85 32
-73 37 17036 54 -81 31
-92 40 17004 55 -86 42
-46 37 17008 48 -77 20
-41 13 17013 55 -74 39
-53 48 17011 52 -70 32
-43 32 17006 50 -84 29
-60 50 17022 57 -77 50
-67 29 17006 41 -93 40
-90 48 17025 68 -84 32
-60 22 17022 39 -73 43
-85 26 16988 39 -74 41
-71 46 17011 64 -80 19
-68 40 16983 62 -82 38
-74 36 17018 58 -91 32
-85 43 17021 47 -81 34
-60 24 17004 25 -88 35
-69 54 16971 53 -73 32
-91 40 17026 47 -77 22
-50 40 16991 60 -75 20
-60 37 16956 47 -86 41
-110 21 17022 50 -76 29
-42 50 17029 42 -70 36
-52 43 17038 51 -91 22
-72 5 16989 56 -71 34
-111 51 17004 58 -78 38
-67 51 17020 43 -86 42
-63 51 17003 55 -88 11
-70 64 17033 48 -80 40
-66 46 17034 46 -80 35
-81 33 16983 53 -83 40
-57 37 17010 49 -83 29
-85 52 17008 54 -68 15
-72 52 16982 70 -83 44
-72 37 17006 46 -108 32
-112 12 17003 41 -90 48
-84 31 16991 37 -69 46
-75 41 16958 53 -84 22
-66 43 17018 47 -87 30
-67 40 17016 56 -107 35
-90 40 16985 44 -91 32
-76 62 16980 43 -76 42
-78 51 16995 61 -74 24
-31 45 16978 37 -88 25
-67 43 16980 74 -84 27
-61 62 17012 35 -75 31
-56 37 16971 46 -83 23
-104 40 16976 60 -103 14
-96 46 17005 46 -96 32
-59 48 17014 44 -90 29
-60 22 16981 54 -84 45
-70 44 17013 48 -65 36
-67 52 16999 43 -70 34
-87 28 17031 61 -88 37
-41 47 16970 60 -86 44
-21 35 17011 71 -68 23
-40 33 17003 48 -83 42
-67 32 16990 54 -86 31
-75 58 16994 57 -83 47
-64 38 16996 46 -74 39
-85 48 17008 53 -81 23
-61 35 17024 50 -94 23
-79 49 17021 43 -88 26
-79 45 16995 55 -81 26
-73 40 17020 47 -85 41
-51 42 16971 43 -84 40
-94 40 17002 60 -67 41
-68 23 17009 50 -86 36
-87 36 17013 49 -76 29
-70 61 17022 53 -85 39
-69 25 16941 44 -87 28
-86 12 17005 62 -95 30
-56 39 17038 47 -76 39
-59 22 16989 42 -87 43
-83 42 17027 47 -87 31
-84 44 17013 48 -98 55
-56 19 16985 47 -79 36
-52 62 16989 58 -86 25
-53 56 17007 51 -90 36
-44 40 17012 55 -87 50
-67 18 16966 39 -91 29
-85 37 17003 58 -71 20
-75 26 16964 44 -90 41
-67 47 17023 66 -75 41
-85 44 16999 50 -68 31
-59 37 17004 47 -82 39
-84 46 17007 70 -91 19
-94 38 16990 47 -71 48
-91 25 16983 53 -80 41
-71 25 17027 58 -91 36
-70 40 16948 42 -93 32
-85 12 17006 56 -89 11
-48 47 16994 54 -91 52
-91 44 17020 39 -83 37
-57 26 16976 48 -87 24
-67 14 17029 54 -74 41
-74 39 17025 49 -80 12
-74 23 17003 49 -77 26
-118 30 17011 46 -77 38
-92 49 16990 64 -93 29
-80 25 16981 48 -83 43
-103 33 16974 65 -81 19
-91 34 17058 48 -74 27
-96 55 17016 43 -82 39
-92 42 17003 54 -85 40
-48 33 17016 56 -74 27
-66 49 17014 59 -90 31
-39 28 17004 49 -84 33
-71 26 17010 47 -82 25
-43 27 16999 49 -82 36
-90 47 16955 48 -92 38
-76 37 17002 53 -75 34
-57 45 17038 47 -79 29
-74 26 16994 42 -87 33
-70 44 17008 45 -84 32
-91 30 16973 54 -105 33
-85 56 17020 67 -76 28
-71 20 16977 32 -88 30
-80 37 17022 45 -86 30
-69 36 16981 40 -91 28
-103 40 17028 59 -92 30
-64 31 17001 55 -87 27
-86 17 16971 58 -102 28
-50 35 17010 55 -74 23
-44 35 17022 41 -73 44
-81 50 16961 61 -84 34
-48 -2 16994 40 -93 39
-75 20 17002 54 -98 33
-73 18 17014 34 -89 20
-73 51 16992 49 -86 13
-72 18 17033 50 -70 34
-130 19 16970 39 -82 27
-85 30 17003 48 -81 28
-86 26 17025 41 -85 38
-68 6 16993 67 -89 29
-52 24 17005 45 -94 35
-45 32 16994 50 -97 20
-74 59 16993 65 -86 33
-73 42 17012 63 -85 22
-71 24 16996 52 -94 31
-76 18 17021 56 -86 34
-66 22 16976 44 -79 31
-62 23 16991 61 -85 39
-65 51 17014 38 -81 41
-45 3 17001 51 -91 25
-78 29 17011 64 -94 28
-94 41 17004 55 -77 34
-75 34 16954 47 -106 53
-53 26 17014 53 -76 37
-77 24 17028 52 -75 19
-80 50 16980 57 -80 35
-94 53 17037 55 -83 30
-69 27 17009 46 -74 36
-73 20 16995 43 -86 19
-75 31 17020 63 -83 27
-59 -1 16986 71 -94 29
-81 26 16995 50 -73 23
-62 45 17030 50 -96 27
-81 47 17006 47 -108 45
-67 42 16993 34 -89 16
-58 69 17029 52 -91 45
-71 30 17041 61 -78 36
-40 56 16984 50 -72 36
-87 15 17015 41 -94 39
-93 40 17000 53 -83 37
-82 29 17035 58 -81 32
-71 62 17037 64 -92 46
-108 51 17034 48 -99 31
-77 32 17002 42 -81 39
-92 27 17044 42 -85 33
-72 56 17002 48 -82 34
-88 41 16995 65 -89 31
-74 58 17015 54 -89 39
-80 40 17019 38 -81 40
-73 31 17032 52 -84 38
-67 49 16987 54 -81 40
-88 21 17006 62 -86 32
-100 80 16992 50 -102 27
-88 35 17009 63 -90 26
-68 50 17006 61 -83 38
-75 43 16986 38 -91 22
-97 53 17008 51 -78 40
-67 27 17054 41 -92 20
-60 36 17022 45 -76 37
-26 31 17025 45 -81 36
-55 36 17032 54 -88 22
-59 61 17006 56 -91 36
-79 32 16974 60 -90 42
-69 30 17018 54 -93 36
-116 49 16982 51 -90 45
-68 15 16999 50 -113 48
-54 29 16975 43 -84 28
-31 65 17015 54 -76 52
-80 22 16990 59 -78 34
-64 30 17005 58 -80 45
-39 61 16994 43 -90 44
-91 45 17048 41 -85 49
-58 62 17029 54 -84 52
-70 66 16998 49 -102 32
-93 14 17000 49 -71 21
-54 57 17037 51 -90 50
-103 25 17011 50 -76 42
-79 50 17032 47 -84 23
-55 31 16996 46 -71 31
-34 17 16983 57 -87 29
-52 72 17013 46 -87 20
-57 25 16963 67 -90 39
-73 63 17002 54 -82 25
-90 33 16996 53 -102 13
-101 39 16993 36 -77 35
-72 52 17042 50 -106 29
-67 49 16989 47 -85 11
-66 38 17028 47 -75 28
-76 34 16961 53 -98 46
-61 21 16963 51 -90 37
-102 45 17009 47 -85 37
-95 29 17032 44 -83 29
-86 41 17029 54 -70 25
-46 49 17008 54 -98 31
-81 75 17033 49 -85 12
-78 34 17067 45 -95 41
-91 39 17008 46 -77 28
-45 35 16970 59 -89 42
-48 14 16980 35 -76 37
-58 18 17009 46 -92 29
-92 50 16969 49 -82 55
-90 35 16978 58 -83 35
-46 47 17003 46 -93 25
-72 28 17005 50 -102 48
-74 14 16999 38 -73 36
-57 10 17013 56 -82 44
-104 11 16976 58 -88 28
-45 44 17010 54 -57 31
-84 22 16971 60 -91 48
-74 27 17001 52 -74 30
-66 49 17005 48 -69 29
-64 52 17023 44 -89 19