-58 72 17001 56 -84 34
-56 64 16977 49 -84 40
-76 72 16980 43 -85 25
-89 60 17030 34 -83 25
-95 44 17015 69 -100 26
-37 51 16971 44 -92 37
-86 50 17029 47 -97 15
-126 50 17018 52 -80 40
-26 27 17009 67 -79 20
6 58 17035 49 -84 29
-117 54 17045 57 -88 36
-194 42 17015 59 -83 31
-67 59 16999 48 -66 42
19 42 17003 55 -77 35
-135 -9 16976 52 -89 37
50 20 16946 65 -69 26
52 9 16999 58 -84 27
-142 28 17016 62 -99 21
-122 38 16988 59 -84 42
-87 42 17118 54 -88 28
-102 32 16977 39 -76 38
-41 25 17003 49 -87 20
-110 64 17001 59 -80 29
-84 66 17002 47 -97 33
-154 63 17019 47 -92 35
-35 8 16981 37 -94 30
68 39 17033 56 -73 36
-152 16 16995 46 -87 30
-138 50 17006 38 -82 12
-9 55 16976 53 -71 51
25 68 16964 63 -88 39
-189 60 16986 46 -85 31
-76 26 16977 57 -82 23
48 27 17042 57 -85 27
-56 27 17006 51 -89 16
-161 19 17003 43 -90 29
-62 51 16992 51 -96 33
4 45 17012 55 -84 26
-52 38 16991 51 -87 5
-143 36 17022 56 -109 35
-69 47 17010 60 -70 23
-17 51 16971 54 -74 27
-80 65 17030 66 -88 41
-114 22 17014 47 -79 7
-88 39 17001 52 -74 46
-6 25 16970 35 -97 46
-66 35 17015 47 -90 24
-119 33 16958 41 -87 40
-53 45 17018 62 -72 35
7 36 16999 65 -77 27
-88 47 16988 38 -87 29
-137 21 17016 53 -87 34
-75 36 17017 42 -71 35
-26 28 16960 58 -79 36
-64 45 17010 40 -99 29
-114 25 17025 55 -85 44
-70 36 17008 49 -111 28
-59 54 16999 55 -77 32
-92 54 17010 65 -87 41
-116 42 16981 47 -89 27
-64 69 17012 57 -82 22
-33 30 16981 22 -72 25
-107 31 16986 48 -86 24
-91 43 17001 54 -74 25
-50 39 17003 53 -93 33
-54 -1 16961 53 -75 27
-92 40 16977 40 -92 28
-106 47 16994 58 -97 37
-88 33 17005 54 -88 37
-40 14 16959 51 -84 45
-86 45 17011 55 -81 28
-97 33 16980 42 -89 44
-54 52 17010 49 -95 23
-60 36 16989 57 -89 32
-69 37 16985 59 -93 37
-78 55 16974 58 -91 30
-83 34 17005 51 -80 32
-96 60 17003 62 -95 6
-61 43 16983 63 -89 26
-78 42 16946 53 -97 17
-63 43 16985 42 -83 33
-74 27 16974 44 -84 39
-73 33 16998 57 -73 43
-83 20 17003 61 -82 39
-70 27 16989 60 -91 31
-91 10 17006 44 -92 19
-87 42 17002 58 -99 25
-100 37 17018 69 -85 38
-63 59 17010 48 -94 33
-65 54 17055 47 -93 25
-67 30 16988 71 -85 44
-49 33 16970 74 -92 41
-69 33 16997 62 -97 24
-72 18 17008 45 -67 32
-118 43 16985 46 -74 34
-32 20 16978 33 -75 38
-33 59 16987 61 -91 18
-126 10 17007 60 -83 30
-104 6 16989 54 -77 30
145 66 16988 37 -49 12
76 80 17025 51 -83 18
-194 48 16986 49 -97 33
-148 29 16995 51 -66 26
51 -4 16964 41 -79 28
-44 -10 16966 50 -84 20
-227 88 17015 62 -98 35
-87 87 17009 36 -99 21
15 96 17035 51 -95 42
-39 13 16962 62 -82 36
-45 -43 16974 64 -98 30
-34 4 17005 47 -67 30
-131 75 17026 62 -97 26
-128 109 16986 29 -83 22
-69 2 16985 48 -91 27
-41 -8 17012 55 -72 6
-53 12 16953 44 -77 22
-73 3 16978 33 -95 42
-70 25 16979 56 -86 11
-102 69 17017 56 -99 43
-122 62 16971 39 -85 37
-73 88 17033 51 -86 27
14 42 17014 52 -84 19
-67 6 16977 54 -95 35
-102 33 16998 32 -74 32
-46 24 17022 63 -80 35
-36 64 17016 50 -92 45
-87 64 17021 53 -87 45
-136 53 17071 44 -80 35
-38 40 17031 49 -100 28
-38 35 16986 45 -74 13
-85 22 16965 55 -89 33
-49 43 16973 54 -94 37
-45 48 16994 46 -88 36
-102 34 16970 51 -81 32
-115 45 17001 61 -92 22
-28 35 17015 66 -70 27
-56 67 17093 57 -63 42
-88 48 16986 53 -91 27
-115 27 16983 54 -101 39
-49 67 16987 57 -90 33
-89 30 17023 40 -72 24
-94 34 16965 37 -82 24
-97 34 16980 59 -95 33
-53 63 17041 38 -81 7
-69 27 17013 62 -92 55
-89 46 17022 44 -104 31
-62 57 16976 46 -81 33
-23 40 17030 38 -84 31
-59 45 16991 67 -79 30
-98 35 16990 51 -83 14
-59 64 17035 60 -99 14
-54 30 16980 57 -90 18
-67 43 16974 62 -92 31
-77 28 17003 43 -83 24
-73 44 16974 43 -93 47
-47 53 16998 49 -81 50
-44 12 16985 46 -75 13
-63 31 16982 54 -87 29
-118 73 17031 62 -92 16
-53 48 17030 62 -100 39
-26 39 17008 44 -92 33
-69 55 16959 55 -79 27
-136 40 16991 39 -75 2
-49 33 16989 46 -76 7
-89 31 17006 62 -76 36
-66 31 16991 59 -96 29
-78 33 16996 42 -86 28
-26 58 16967 34 -93 29
-60 37 16973 50 -83 32
-87 30 16982 46 -74 29
-52 44 17027 40 -76 29
-26 28 17015 62 -83 33
-72 28 16965 56 -82 35
-46 16 17057 51 -104 17
-75 58 17003 50 -89 40
-46 49 17025 53 -89 36
-102 50 17023 51 -87 34
-101 28 16981 54 -71 20
-77 19 17024 55 -73 23
-70 24 17004 55 -77 36
-100 19 16988 47 -85 30
-103 28 16980 53 -96 24
-43 54 16982 58 -85 29
-47 33 16999 53 -80 24
-66 54 17019 59 -95 23
-64 38 17023 62 -97 26
-49 36 16979 55 -88 25
-14 32 17060 44 -76 30
-67 44 16984 49 -85 23
-84 49 17005 47 -78 33
-80 58 16997 60 -90 26
-67 32 17041 43 -97 28
-79 54 17023 46 -84 29
-72 18 16963 40 -83 31
-86 46 16999 48 -90 19
-87 29 17026 56 -80 19
-47 38 16991 51 -88 37
-60 46 17003 44 -82 29
-47 35 16995 48 -88 23
-63 29 17025 34 -86 20
-75 24 16980 68 -80 42
-81 47 16985 64 -80 28
-75 39 16996 54 -71 13
-75 32 16981 54 -87 42
-69 57 16976 47 -85 43
-91 38 17010 39 -77 37
-53 20 16977 47 -86 40
-76 29 16992 46 -96 1
-94 31 17009 44 -84 52
-89 36 16988 57 -92 34
-66 49 16976 43 -90 35
-88 50 17004 27 -88 33
-82 57 16986 52 -78 8
-74 54 17009 49 -99 9
-61 32 17029 60 -83 44
-52 37 16961 62 -84 20
-80 59 16941 29 -77 42
-71 64 17033 41 -99 41
-71 37 16985 45 -82 17
-59 42 17009 50 -75 42
-89 57 17016 56 -90 27
-83 50 17032 54 -79 21
-83 41 16983 39 -87 23
-82 44 16966 45 -77 30
-66 40 16997 50 -96 34
-65 22 17026 53 -83 22
-74 43 17022 51 -96 34
-59 9 16959 49 -88 22
-64 50 17009 41 -90 29
-74 53 16993 61 -81 22
-79 39 16986 58 -86 35
-52 52 16989 56 -104 33
-67 41 17043 38 -80 44
-65 13 16996 48 -71 40
-62 44 17022 54 -83 25
-46 61 16991 46 -91 21
-84 81 17006 50 -96 27
-66 42 17022 55 -88 44
-68 33 17009 53 -88 36
-79 33 17010 38 -89 42
-81 16 17007 58 -81 7
-60 45 17060 50 -69 36
-80 63 17021 67 -107 26
-61 43 16953 47 -85 20
-74 50 16978 47 -86 17
-83 29 16998 36 -83 34
-73 52 17022 51 -90 27
-67 27 16979 54 -86 32
-59 45 16980 50 -81 36
-80 40 17013 57 -102 33