-99 34 17010 42 -96 26
-89 51 17036 48 -84 17
-72 33 17002 58 -82 26
-54 59 16987 53 -83 39
-87 21 17047 67 -96 6
-74 10 17035 38 -79 32
-97 41 17035 44 -77 41
-87 35 17103 56 -68 15
-104 27 17035 50 -80 39
-68 0 16977 53 -79 31
-67 53 16999 53 -81 11
-62 60 17049 44 -75 24
-76 40 17050 53 -82 46
-55 66 16994 44 -85 53
-48 44 17047 48 -93 42
-72 39 17024 54 -88 16
-97 61 17013 60 -76 34
-95 31 17018 47 -80 31
-38 51 16979 43 -91 62
-107 38 17014 34 -86 18
-114 47 17009 53 -69 16
-1 13 16985 57 -101 32
-48 26 17008 53 -81 52
-98 62 17043 49 -66 32
-89 37 17015 67 -85 42
-33 37 17028 40 -90 38
-49 27 17014 49 -84 25
-139 27 17069 51 -86 41
-33 74 17020 44 -82 22
-53 48 17001 42 -105 32
-106 37 16998 44 -86 32
-83 35 16976 41 -84 25
-20 55 17013 48 -74 22
-50 49 17047 52 -75 30
-132 40 17005 46 -88 27
-114 45 17029 53 -97 35
-16 34 17010 44 -81 45
-61 46 17000 66 -74 26
-98 25 16996 49 -80 37
-56 23 17030 44 -69 22
-27 59 17010 69 -76 32
-74 57 16986 48 -96 40
-111 46 16979 52 -83 34
-79 57 17025 41 -84 18
-59 43 17006 46 -90 30
-69 19 16997 54 -73 39
-112 54 16982 55 -98 29
-62 33 17030 57 -88 20
-54 61 16975 57 -77 45
-79 35 17010 52 -92 19
-81 41 17039 31 -92 29
-17 36 17008 61 -97 36
-61 36 16985 53 -80 25
-89 56 17051 34 -81 33
-45 33 16989 60 -84 29
-31 23 16988 53 -84 38
-67 38 17014 54 -97 30
-85 50 16998 49 -91 35
-80 54 17020 42 -81 30
-41 42 17008 50 -89 30
-66 39 17032 61 -97 36
-77 31 17059 56 -84 39
-34 35 17030 46 -83 32
-98 15 16966 56 -85 13
-82 25 17012 56 -89 49
-70 51 17015 41 -95 17
-63 25 17005 45 -78 18
-75 31 17025 52 -91 14
-68 24 16992 65 -77 19
-100 10 17017 50 -102 33
-51 33 17026 52 -70 17
-96 0 16992 46 -95 30
-66 36 16997 44 -93 30
-49 33 17021 59 -95 25
-19 48 16994 53 -94 26
-96 57 17004 49 -84 37
-112 32 16994 42 -82 45
-46 47 17010 50 -72 25
-58 42 17016 65 -82 43
-120 48 16998 60 -76 34
-72 51 17024 56 -92 38
-18 32 17043 48 -71 30
-93 46 16992 66 -96 23
-76 42 17036 43 -78 30
-92 37 17043 47 -96 50
-57 27 17053 59 -100 25
-109 53 17041 52 -78 31
-78 82 17053 70 -79 32
-70 58 17042 41 -95 39
-57 24 17029 55 -84 40
-121 60 17032 44 -88 45
-87 33 17022 41 -62 45
-32 22 17007 43 -90 28
-76 42 17027 61 -78 47
-99 66 17010 58 -97 14
-41 42 16996 56 -81 49
-75 42 17019 54 -88 38
-72 6 17041 54 -87 30
-89 46 17011 55 -88 37
-74 47 17003 42 -90 29
-69 71 16998 38 -81 22
-106 39 17029 54 -98 20
-67 42 17026 49 -87 32
-79 24 17023 53 -84 26
-65 49 17005 41 -75 25
-70 43 17030 53 -80 39
-77 34 16999 53 -73 39
-58 46 17008 59 -77 24
-56 35 17041 53 -88 23
-89 46 16971 49 -84 35
-98 38 17015 54 -94 41
-78 48 17036 43 -88 3
-64 55 17046 40 -79 20
-68 30 17007 51 -80 32
-57 56 17022 38 -86 29
-97 36 17007 49 -95 15
-108 48 17034 59 -90 38
-75 31 16953 51 -96 21
-67 36 17053 43 -86 31
-83 42 16949 47 -83 41
-92 43 17021 51 -90 34
-77 46 17050 41 -77 37
-76 48 17006 42 -80 34
-63 38 17056 45 -74 37
-83 49 17007 47 -77 24
-86 58 17008 48 -82 12
-82 46 17020 46 -101 20
-73 31 17015 46 -74 28
-75 37 17002 40 -89 29
-76 54 17024 40 -86 34
-55 58 16977 46 -87 35
-60 21 17013 49 -79 17
-77 47 17059 53 -72 42
-53 44 16998 45 -67 35
-58 28 17037 60 -85 29
-79 28 17002 36 -81 17
-57 26 17033 54 -81 26
-81 39 17035 37 -78 37
-68 62 17005 58 -87 26
-96 0 17001 59 -82 30
-98 33 16994 43 -102 52
-61 39 17023 55 -95 42
-68 28 17020 55 -92 41
-74 43 17015 50 -91 10
-53 49 17001 45 -109 31
-88 41 17005 42 -93 34
-80 59 17026 43 -87 40
-77 38 17004 60 -81 24
-91 47 17050 43 -84 33
-70 46 16966 38 -85 31
-64 30 17030 46 -87 18
-92 60 17025 43 -86 35
-99 64 17009 42 -88 47
-63 32 16993 46 -83 28
-85 42 17037 48 -75 29
-80 9 16984 51 -79 28
-56 38 16988 59 -77 31
-63 68 16989 55 -86 18
-84 54 17018 48 -82 21
-68 32 17047 47 -104 25
-51 46 17030 51 -79 30
-99 31 16974 45 -94 27
-92 35 16969 37 -87 41
-72 44 17005 33 -92 19
-59 30 17053 49 -78 18
-88 34 17000 43 -77 33
-62 20 16978 59 -90 27
-76 19 16992 50 -72 21
-53 41 16979 51 -94 26
-69 42 17031 52 -79 26
-52 44 17003 44 -98 34
-87 40 17030 60 -89 31
-59 19 17015 41 -80 39
-51 45 17015 57 -78 28
-45 47 17013 45 -78 27
-94 24 17054 57 -100 30
-59 45 17039 40 -77 22
-54 43 16995 41 -71 32
-54 38 17014 53 -84 29
-93 33 17001 56 -61 32
-69 69 17061 55 -84 31
-49 71 16999 59 -89 15
-93 68 16987 55 -59 36
-66 34 16972 60 -74 18
-87 35 17010 44 -85 26
-77 62 16986 48 -77 29
-101 58 17003 61 -82 35
-74 31 16984 43 -92 41
-79 52 17023 43 -75 29
-71 33 17038 47 -92 27
-84 51 16990 58 -90 29
-88 47 17029 36 -81 23
-90 42 16995 40 -108 47
-76 36 17049 60 -78 48
-60 49 17010 52 -71 42
-51 45 17016 58 -100 26
-79 44 16990 44 -94 43
-84 46 16980 50 -82 19
-95 54 17000 46 -62 33
-79 67 17076 63 -80 30
-71 53 16976 42 -80 33
-101 37 17007 54 -88 25
-95 30 17000 44 -63 28
-80 51 17032 55 -89 32
-68 58 17036 32 -98 28
-71 47 17045 55 -86 13
-84 44 17044 54 -80 33
-83 40 17054 43 -81 46
-67 31 17044 68 -77 23
-54 24 17007 43 -78 36
-62 26 17013 54 -86 19
-58 49 16988 46 -92 38
-79 18 17044 48 -85 50
-92 46 17017 59 -93 28
-68 55 17018 46 -93 31
-82 46 17037 44 -83 32
-78 56 17012 44 -109 31
-99 45 17006 50 -78 10
-75 54 17016 49 -80 31
-83 44 16984 52 -78 22
-81 42 17038 55 -86 21
-49 35 17044 39 -90 40
-90 41 16997 64 -82 48
-42 18 17051 48 -85 32
-90 51 17023 66 -86 14
-115 42 16969 54 -88 28
-92 30 17038 53 -80 26
-55 31 17031 39 -65 37
-59 13 17004 48 -101 36
-90 14 16996 49 -90 17
-93 38 17032 48 -69 30
-59 62 17025 54 -90 23
-70 57 17065 51 -77 33
-76 29 17009 50 -91 57
-115 35 17002 46 -73 37
-63 42 16988 47 -92 12
-87 13 16949 35 -87 22
-61 39 16999 46 -67 40
-68 35 17044 42 -83 48
-43 50 17024 39 -96 34
-92 9 17013 49 -84 28
-83 50 17022 39 -79 19
-59 42 17000 40 -87 36
-95 17 16995 42 -61 29
-56 26 17009 52 -79 29
-3 59 17026 63 -85 37
-96 36 16992 51 -87 20
-55 36 17028 53 -103 34
-98 59 17048 48 -86 23
-65 60 17014 57 -84 43
-95 69 17051 35 -91 39
-65 46 17018 48 -77 44
-41 66 17044 60 -81 27
-38 57 16983 55 -67 38
-72 4 17072 28 -76 28
-47 55 17025 41 -83 49
-50 55 17026 34 -87 38
-56 38 17015 47 -76 41
-68 53 17045 34 -86 3
-67 70 17032 43 -83 41
-53 51 17014 47 -70 29
-89 49 17006 51 -82 30
-64 78 17053 45 -91 42
-91 36 16977 61 -81 33
-70 43 17006 48 -68 23
-116 41 17016 49 -83 49
-89 47 17030 57 -76 41
-59 41 17006 56 -83 35
-48 43 17053 42 -79 24
-48 35 17045 61 -76 22
-46 55 17058 41 -78 27
-42 50 17030 46 -71 30
-66 45 17014 49 -90 37
-69 73 16981 53 -74 23
-75 24 17037 48 -83 16
-53 39 17002 46 -76 34
-29 64 17037 59 -102 28
-59 19 17025 54 -81 24
-53 48 16994 47 -89 11
-67 49 17030 51 -87 41
-77 35 17040 49 -98 30
-43 46 17000 46 -97 25
-68 31 17020 44 -81 38
-73 42 17020 53 -89 32
-70 29 17023 33 -69 21
-74 64 17048 45 -67 46
-53 36 17022 45 -84 41
-91 64 17029 55 -86 36
-92 31 16994 53 -79 39
-57 15 17019 30 -101 22
-80 51 17026 52 -80 27
-64 30 17010 41 -76 33
-47 67 17029 54 -88 20
-90 45 17027 47 -87 28
-89 50 17015 52 -85 15
-61 72 17004 46 -88 50
-63 77 17000 45 -61 35
-57 34 17063 51 -92 42
-45 28 17003 42 -83 25
-62 63 17017 54 -71 39
-82 39 17019 38 -82 34
-92 40 17022 47 -68 29
-80 34 16981 38 -73 16
-47 48 17013 61 -82 32
-84 55 17017 53 -84 30
-57 52 17025 55 -86 33
-61 24 17013 44 -99 45
-70 35 16999 54 -96 22
-89 40 17025 44 -91 47
-81 40 16991 47 -86 23
-85 46 16990 48 -87 40
-72 74 17010 57 -78 46
-61 51 17005 50 -82 47
-71 42 16992 58 -99 25
-91 35 17051 47 -96 25
-82 45 17002 47 -87 17
-67 41 16986 35 -84 33
-96 62 17046 58 -74 42
-84 47 17003 51 -105 45
-58 53 17009 65 -82 33
-80 45 17021 47 -75 27
-65 44 17007 49 -81 39
-67 41 17034 48 -76 25
-76 50 17022 57 -88 41
-57 34 17049 44 -91 18
-62 70 16991 45 -87 29
-79 48 17021 67 -98 25
-90 55 17028 41 -80 52
-74 18 16998 58 -91 42
-65 61 17026 58 -92 25
-85 49 17025 41 -83 47
-67 61 17027 35 -83 26
-60 46 17032 33 -94 16
-64 50 17014 39 -85 40
-67 54 17033 30 -71 35
-47 49 16985 42 -90 42
-41 38 17010 56 -67 28
-81 57 17043 62 -73 37
-87 52 17034 63 -89 20
-28 50 17003 47 -93 28
-93 35 17039 43 -90 32
-71 42 17019 73 -86 5
-57 23 17003 49 -85 39
-75 42 17030 36 -67 42
-65 53 17027 56 -84 35
-85 28 17027 48 -82 23
-65 42 17013 59 -77 27
-62 34 17021 45 -95 46
-48 38 17043 45 -74 25
-97 37 17024 43 -77 7
-85 38 17045 50 -83 22
-69 43 16979 46 -90 42
-88 41 16975 70 -85 10
-92 56 16997 47 -83 39
-64 70 17027 49 -80 45
-73 39 17022 42 -79 35
-72 53 17002 44 -85 35
-69 55 16997 48 -85 32
-60 46 17021 49 -95 20
-52 52 17041 46 -93 21
-62 47 17003 43 -69 34
-98 41 17033 44 -85 26
-67 37 17014 56 -86 36
-42 65 17013 55 -80 26
-97 33 16996 32 -84 27
-99 42 17005 53 -94 39
-71 31 17018 53 -81 21
-66 38 17002 49 -83 29
-74 31 17014 56 -80 26
-105 36 17042 47 -77 30
-79 40 17031 61 -73 29
-62 16 17019 47 -84 32
-88 56 17025 49 -77 43
-76 42 17029 45 -81 44
-78 51 17047 61 -68 49
-76 41 17025 44 -82 23
-62 52 16992 33 -94 47
-55 33 17038 41 -94 36
-65 57 17021 51 -87 39
-67 45 16955 66 -100 39
-105 41 17018 37 -70 40
-70 38 17004 40 -84 37
-96 53 17010 36 -79 24
-65 30 17055 54 -92 32
-70 29 16996 48 -82 39
-114 40 17049 49 -89 39
-76 42 17035 41 -75 29
-44 26 17026 51 -88 41
-74 47 17016 43 -83 18
-55 26 17034 54 -91 22
-53 27 16991 48 -98 20
-86 37 17000 62 -78 29
-74 48 17002 47 -94 26
-96 39 16991 38 -80 15
-72 30 17007 56 -81 31
-78 41 17022 56 -80 31
-59 36 17033 54 -81 41
-58 47 17056 47 -84 40
-76 30 17023 49 -77 29
-66 52 17024 40 -93 41
-49 51 17001 44 -97 23
-96 54 17060 48 -89 34
-70 45 17011 57 -79 41
-56 36 17021 54 -82 25
-66 23 17016 44 -68 29
-60 30 16980 65 -92 34
-71 47 17018 44 -90 29
-31 52 17033 43 -86 26
-68 20 17000 63 -103 14
-86 45 16999 51 -82 37
-81 37 17026 42 -93 20
-50 26 17018 47 -83 38
-96 47 17040 49 -86 37
-83 42 17019 57 -72 29
-75 63 17011 36 -79 36
-28 44 17003 63 -93 38
-62 27 16994 60 -83 31
-104 38 16986 67 -71 35
-57 20 16994 54 -80 40
-73 51 17026 41 -84 28
-91 46 17024 57 -96 31
-63 37 16997 52 -95 14
-56 38 17030 62 -80 15
-78 58 17025 47 -81 47
-90 42 17006 55 -81 40
-68 12 17013 44 -78 31
-39 67 16986 52 -83 42
-70 43 17082 61 -74 31
-70 33 17033 39 -78 18
-70 66 17016 42 -95 35
-71 38 17033 52 -80 29
-50 39 17068 49 -91 24
-94 34 17045 54 -98 38
-92 50 17035 53 -92 29
-69 45 17003 49 -91 35
-99 38 16992 33 -85 26
-68 34 17011 42 -95 25
-60 27 16996 45 -75 44
-76 42 17026 44 -95 43
-55 40 17049 66 -86 19
-99 36 17015 47 -93 16
-80 49 17004 51 -88 28
-55 57 17021 57 -81 42
-38 39 17025 49 -83 27
-48 33 17026 50 -66 25
-65 38 17006 53 -100 32
-83 34 16996 47 -81 37
-72 38 16964 46 -72 37
-77 26 17059 50 -88 22
-99 50 17047 51 -68 18
-56 53 17017 27 -69 27
-43 45 17003 51 -89 36
-46 51 16998 35 -83 27
-71 13 16978 55 -91 44
-72 38 17023 41 -81 14
-83 36 17006 68 -87 19
-80 22 17017 53 -81 28
-102 67 16989 41 -79 36
-58 25 17034 43 -88 36
-86 62 17027 43 -90 23
-90 31 16973 39 -76 20
-58 41 17025 56 -91 34
-82 48 17040 40 -82 15
-72 27 17005 55 -84 49
-79 60 17025 54 -95 17
-70 43 17045 59 -83 38
-66 42 17026 67 -72 33
-57 41 16986 41 -83 35
-100 39 16973 60 -74 37
-94 30 16930 54 -85 44
-63 70 17047 59 -112 20
-91 30 17003 43 -70 35
-64 22 16983 52 -93 30
-63 48 16993 28 -57 25
-69 36 17000 53 -82 35
-93 16 17030 37 -81 25
-59 37 17045 58 -94 23
-80 42 17060 49 -90 33
-73 43 17004 32 -75 44
-43 44 17014 52 -84 29
-83 34 17001 55 -85 29
-63 68 16998 42 -87 27
-64 69 17028 49 -85 29
-91 25 17033 57 -79 41
-54 65 17022 71 -105 20
-70 41 17001 54 -84 18
-84 54 16990 57 -89 26
-96 25 17018 43 -76 33
-64 75 17033 53 -83 21
-63 48 17034 56 -80 18
-86 50 16987 53 -79 13
-96 45 17024 55 -91 35
-34 34 16996 61 -76 15
-65 56 17032 60 -86 27
-79 63 17018 45 -85 38
-82 34 17011 47 -86 43
-79 41 16987 53 -90 23
-74 30 17043 39 -93 41
-76 43 17030 37 -83 31
-60 38 17001 42 -86 44
-107 45 17026 49 -93 50
-48 54 17021 44 -89 39
-79 29 17044 58 -74 39
-51 43 17039 49 -92 28
-70 49 17047 59 -82 44
-99 53 17010 57 -89 38
-63 39 16986 52 -83 44
-87 54 16993 26 -96 33
-79 60 17001 61 -77 23
-55 52 17020 53 -76 28
-89 39 16996 38 -90 34
-116 7 17039 60 -87 20
-42 36 16993 60 -79 27
-69 54 16993 57 -81 32
-101 55 16989 63 -83 5
-76 57 17015 50 -78 25
-88 66 17031 55 -73 20
-72 42 17004 40 -92 43
-97 33 17004 48 -85 42
-55 52 16996 37 -73 15
-51 38 17059 49 -82 31
-54 33 16983 46 -86 23
-99 67 17047 54 -103 26
-93 44 17027 49 -79 8
-81 42 17051 51 -94 31
-41 59 16970 69 -89 37
-64 50 17011 48 -89 38
-60 57 17015 45 -71 24
-67 34 17015 56 -88 42
-84 46 16995 57 -78 25
-113 33 16986 45 -83 12
-75 60 17024 52 -102 33
-29 36 17018 58 -94 31
-77 30 17037 57 -87 12
-35 30 17015 43 -74 41
-112 58 16991 55 -76 67
-80 41 17026 55 -92 41
-88 21 16997 47 -91 37
-78 36 17015 35 -78 43
-60 41 17013 46 -81 39
-76 39 17053 45 -81 27
-74 39 17037 42 -87 33
-101 47 16993 44 -85 17
-48 41 16970 49 -82 37
-43 26 17015 53 -74 40
-62 50 17045 50 -93 47
-62 49 16981 60 -84 49
-88 55 17028 52 -82 12
-60 15 16978 52 -85 32
-83 70 17024 49 -87 30
-79 43 17004 57 -88 44
-73 41 17002 48 -85 25
-84 58 17011 50 -82 40
-80 61 17019 47 -78 42
-80 10 16941 36 -89 35
-97 32 17004 41 -86 24
-86 53 17053 56 -80 41
-62 57 17027 55 -72 30
-107 66 17009 65 -90 44
-100 46 17007 57 -87 29
-45 38 17009 52 -86 31
-59 54 16991 62 -84 24
-98 36 17024 44 -75 32
-77 32 16983 46 -99 34
-59 36 17066 52 -85 30
-65 48 17049 48 -82 28
-37 33 17007 34 -101 37
-72 60 16997 52 -75 25
-74 21 17054 56 -83 40
-99 45 17011 56 -94 29
-56 60 17009 51 -82 36
-74 37 17045 58 -87 30
-69 39 17002 49 -94 27
-85 47 17020 58 -88 42
-60 49 17036 45 -95 38
-80 29 17048 40 -77 35
-82 59 17024 40 -86 24
-57 36 16988 43 -81 31
-88 51 17051 48 -83 32
-89 40 17028 44 -77 24
-76 38 17037 54 -73 26
-78 39 17005 46 -88 3
-61 77 16997 51 -77 21
-102 47 17042 52 -72 36
-78 31 16991 45 -83 23
-79 30 16956 49 -91 30
-95 51 17029 27 -72 35
-80 38 17028 45 -74 21
-72 33 17012 48 -78 39
-93 45 17011 40 -81 38
-69 10 17004 64 -101 47
-55 43 17008 59 -91 30
-71 18 17015 38 -109 25
-54 29 17020 59 -82 27
-64 43 17020 50 -82 22
-65 43 16996 51 -71 34
-73 58 17036 63 -75 32
-70 56 17021 40 -99 39
-54 46 16989 48 -86 39
-121 56 17029 39 -91 38
-71 37 16973 48 -70 28
-108 42 16996 39 -77 14
-82 42 17005 43 -94 36
-88 46 16992 60 -77 18
-70 54 17035 48 -87 23
-72 38 17008 56 -81 27
-128 27 16986 38 -85 25
-75 48 17029 52 -89 41
-83 32 17013 64 -98 36
-83 59 17031 55 -80 28
-56 49 17016 54 -65 36
-56 53 16997 50 -71 35
-46 24 16999 65 -67 37
-65 65 17011 57 -75 31
-90 28 17008 43 -82 29
-86 16 17026 50 -98 17
-59 46 17033 44 -74 28
-77 36 17012 33 -88 33
-76 28 16979 57 -77 26
-57 29 17003 56 -81 29
-52 46 17031 56 -77 40
-62 40 17037 34 -85 26
-54 40 16999 44 -76 41
-79 39 17006 43 -84 33
-58 56 17065 58 -97 37
-42 18 17001 52 -90 17
-99 49 17019 57 -84 32
-56 53 17012 57 -90 27
-87 38 16991 38 -85 40
-85 61 17019 53 -97 26
-45 42 17021 27 -72 29
-56 38 17048 47 -80 15
-82 14 16993 55 -75 15
-88 67 17008 40 -81 55
-86 48 17019 56 -80 43
-72 19 17010 48 -92 31
-92 52 17011 59 -87 26
-71 14 16998 53 -91 23
-75 55 17046 46 -78 14
-57 52 17026 56 -80 42
-92 47 17016 70 -90 9
-29 55 17029 39 -97 27
-56 31 17059 47 -83 36
-83 37 17017 34 -78 11
-65 41 17013 39 -87 27
-94 78 17008 58 -85 35
-64 40 17019 46 -77 32
-93 39 16983 39 -87 25
-85 37 16987 47 -77 36
-92 38 17001 49 -84 17
-60 16 16985 61 -76 20
-81 24 17003 56 -75 34
-82 44 17015 59 -88 35
-93 47 17014 50 -81 48
-91 67 17001 53 -84 39
-93 26 17020 56 -88 36
-61 17 17001 56 -80 35
-31 34 16988 42 -80 21
-51 46 17031 60 -87 13
-60 33 17009 45 -85 26
-103 57 17016 51 -91 38
-61 41 17045 64 -90 47
-91 49 17030 60 -83 27
-41 36 17024 33 -95 40
-53 54 16994 48 -95 18
-72 47 17018 38 -88 28
-86 61 17001 66 -83 8
-80 43 17023 45 -83 24
-67 51 17027 43 -80 18
-72 50 17003 51 -76 32
-54 62 16987 48 -86 39
-63 41 16992 56 -85 23
-91 47 17045 35 -81 30
-115 35 17001 47 -91 30
-59 27 16999 56 -81 27
-74 31 17012 52 -85 23
-69 29 17041 38 -77 42
-85 75 16997 67 -93 30
-94 39 16992 49 -79 42
-61 43 17004 55 -84 28
-68 37 16969 41 -97 30
-62 44 17034 52 -92 27
-23 47 17032 57 -83 19
-85 35 17015 31 -85 21
-53 53 17015 36 -82 26
-72 55 16971 53 -95 26
-74 36 17023 44 -85 31
-60 30 16986 62 -74 30
-78 78 16988 48 -66 39
-69 42 17041 44 -90 32
-100 18 17001 45 -79 39
-48 24 17025 43 -82 27
-77 51 17012 60 -87 20
-88 49 17021 54 -77 47
-75 56 16996 48 -80 31
-56 38 16984 56 -82 31
-84 27 17010 53 -83 22
-90 27 16998 52 -73 39
-69 27 17009 53 -69 37
-90 48 17012 40 -88 26
-62 47 16991 55 -91 51
-98 41 17021 46 -82 29
-58 38 17060 31 -82 39
-63 52 17013 62 -85 24
-52 49 16996 58 -88 27
-65 31 16984 71 -73 30
-94 45 16984 56 -82 30
-70 44 17005 56 -80 18
-40 25 16963 42 -91 19
-91 21 16997 44 -86 13
-60 34 16984 55 -83 20
-77 39 17021 55 -81 23
-83 44 17034 44 -96 34
-89 37 17024 55 -63 33
-83 32 16992 46 -87 31
-80 59 17009 40 -87 28
-68 81 17044 39 -75 31
-50 38 17003 55 -93 41
-80 33 17006 57 -78 24
-81 74 17004 45 -77 27
-60 46 16987 47 -77 37
-65 43 16991 68 -83 24
-83 15 17025 47 -83 38
-93 37 17035 40 -74 44
-69 25 17044 56 -87 41
-59 53 16970 70 -93 35
-82 58 16984 44 -95 33
-68 51 17012 43 -99 33
-56 35 17017 41 -100 25
-69 33 17044 44 -84 29
-77 34 17038 46 -75 30
-121 32 17008 49 -89 31
-92 17 16999 45 -87 38
-55 44 17055 62 -67 27
-70 26 17012 51 -77 13
-84 67 17004 40 -96 14
-72 29 16995 51 -87 43
-94 12 17002 57 -86 38
-92 59 17015 45 -97 15
-83 42 17001 45 -74 30
-94 39 17016 40 -87 28
-72 29 16991 74 -73 35
-92 32 17016 52 -85 36
-61 55 17018 46 -74 40
-80 72 16964 57 -90 31
-93 20 16986 48 -84 27
-93 55 17007 49 -88 39
-85 27 17017 38 -87 29
-88 34 17032 42 -87 37
-55 14 17028 43 -82 24
-79 36 17010 36 -80 25
-85 56 17005 37 -87 22
-81 15 17026 31 -96 41
-89 53 17006 56 -74 28
-55 62 17017 61 -80 8
-77 35 16999 73 -86 42
-65 49 17009 50 -94 41
-103 59 17006 51 -89 12
-74 48 17003 58 -96 19
-82 65 17012 49 -80 22
-59 42 16996 34 -87 40
-42 45 17008 42 -77 33
-78 18 16999 48 -79 27
-91 28 16983 68 -79 41
-68 45 17038 44 -79 27
-104 29 16999 49 -71 47
-72 48 17042 71 -86 20
-95 7 17023 54 -65 4
-97 49 17013 48 -93 26
-65 68 17038 55 -78 36
-92 40 16995 55 -104 30
-76 37 17036 56 -86 35
-77 33 17039 44 -98 26
-59 64 16976 58 -94 27
-58 45 17042 57 -77 35
-95 54 16963 64 -86 20
-84 18 17015 44 -96 27
-96 62 17032 36 -76 31
-65 29 17017 45 -80 33
-72 34 16974 60 -104 29
-71 24 16995 38 -85 29
-74 32 17027 53 -80 25
-98 73 17026 50 -76 49
-66 32 17001 56 -83 33
-71 49 17004 53 -83 41
-82 53 17042 50 -94 22
-89 49 17035 54 -78 28
-78 28 17028 46 -89 28
-69 56 17008 38 -89 36
-53 69 17031 51 -90 21
-70 36 16990 52 -76 30
-106 30 17052 58 -71 36
-65 39 17001 29 -70 34
-37 70 17028 41 -71 40
-59 37 16975 43 -97 24
-85 55 16983 55 -79 25
-85 54 17005 41 -71 34
-82 29 17006 45 -78 32
-55 39 17010 60 -97 29
-70 17 17025 56 -77 21
-58 34 17021 65 -83 47
-62 49 17043 65 -77 37
-84 41 17014 50 -110 33
-58 29 17021 42 -75 39
-69 24 17028 45 -78 21
-58 32 17036 40 -94 21
-68 51 16997 43 -82 32
-89 12 16978 58 -75 30
-62 71 17005 68 -87 32
-75 44 17024 53 -82 33
-76 40 17023 43 -82 41
-45 33 17005 34 -87 21
-61 46 16992 38 -64 19
-72 40 17042 41 -97 21
-90 69 16982 36 -84 33
-55 72 17046 48 -82 43
-101 36 17004 61 -69 45
-71 48 17018 47 -100 37
-82 17 17051 34 -92 29
-55 22 17022 50 -76 31
-76 39 17034 46 -81 32
-51 35 17028 49 -85 17
-89 34 16994 55 -89 29
-77 50 17020 46 -85 8
-75 24 16993 53 -80 33
-74 48 17002 49 -78 30
-90 63 17024 42 -86 43
-87 11 16985 51 -81 38
-55 53 17027 43 -78 35
-90 49 16984 34 -80 19
-65 43 17021 53 -70 22
-91 43 17014 44 -76 30
-78 59 17023 35 -83 15
-70 34 17006 55 -81 29
-102 22 17027 33 -83 36
-83 30 17028 62 -90 49
-73 24 16985 52 -69 19
-57 51 17006 54 -86 16
-95 33 17020 43 -99 34
-67 50 17021 58 -96 22
-87 21 17000 40 -80 18
-65 33 16971 46 -88 17
-63 15 16983 40 -79 40
-71 29 16991 39 -77 25
-80 43 17017 60 -90 38
-94 31 17053 51 -95 5
-69 47 17009 40 -87 45
-63 20 16990 46 -78 30
-37 31 16981 51 -85 44
-52 34 17042 48 -81 28
-49 50 17023 62 -107 36
-109 26 17016 51 -85 28
-81 44 17056 55 -82 31
-73 33 17045 42 -82 30
-63 13 17030 49 -72 33
-84 39 17050 51 -90 40
-88 29 17021 55 -101 35
-111 47 17007 45 -88 34
-42 37 17028 55 -76 12
-71 37 17012 52 -79 24
-58 1 17051 42 -83 37
-96 41 17024 49 -72 35
-101 27 17067 46 -91 29
-93 38 16996 46 -89 40
-73 43 17014 64 -90 16
-96 40 17024 61 -59 40
-78 33 17020 52 -75 45
-58 42 17032 45 -65 30
-75 35 16985 43 -90 35
-93 12 16991 52 -79 41
-69 44 17051 65 -81 13
-73 31 17002 58 -71 37
-69 28 17006 72 -81 25
-85 36 16962 49 -90 23
-66 40 17025 60 -85 28
-82 33 17025 50 -69 32
-83 64 16995 65 -90 37
-50 27 16993 56 -70 30
-76 50 16985 51 -79 29
-98 45 17019 47 -69 35
-83 42 17012 53 -88 22
-77 36 17038 58 -87 38
-77 18 17032 48 -98 14
-37 47 17044 58 -74 35
-62 11 17006 52 -88 28
-55 26 17008 50 -101 34
-66 32 17027 53 -79 27
-91 32 17028 58 -95 27
-56 59 17025 61 -82 38
-56 25 16987 50 -85 32
-90 46 17003 47 -78 56
-100 34 17016 53 -83 24
-66 47 17041 53 -74 40
-74 25 16990 42 -81 26
-75 33 16999 47 -80 33
-73 69 17016 41 -79 35
-58 44 17018 52 -76 25
-54 40 17001 51 -78 27
-49 16 17005 48 -84 37
-91 42 17017 56 -93 18
-103 39 16992 39 -80 36
-76 50 17014 61 -85 41
-68 32 17029 51 -73 27
-82 55 17048 64 -71 29
-95 8 17048 35 -74 47
-46 42 17040 57 -79 38
-57 36 17045 60 -83 31
-81 69 17011 36 -62 26
-66 26 17005 49 -85 42
-92 31 16994 42 -80 30
-85 41 17038 43 -77 38
-51 31 17005 49 -90 33
-90 42 17006 57 -82 48
-66 20 16961 52 -77 36
-78 52 17015 41 -74 31
-105 37 17023 50 -93 30
-76 55 17011 61 -71 29
-89 47 17021 38 -100 20
-68 41 16972 58 -72 27
-42 50 17009 57 -74 28
-82 38 17025 40 -77 18
-73 79 17019 58 -85 27
-79 32 17004 58 -82 35
-80 47 17015 45 -89 45
-56 47 17014 41 -77 34
-37 45 17021 58 -79 13
-59 43 17008 54 -74 32
-81 41 17047 49 -58 9
-61 37 17012 71 -73 31
-75 26 16995 51 -90 30
-50 36 17029 58 -84 9
-76 43 17018 41 -77 28
-61 59 17027 43 -89 12
-56 41 16998 49 -85 27
-93 27 16995 49 -97 31
-71 36 17021 60 -93 23
-79 37 17018 53 -77 37
-96 21 16991 40 -80 45
-83 58 17009 38 -81 28
-74 34 17034 45 -83 17
-76 31 17001 53 -83 12
-69 44 17018 48 -82 34
-73 30 17000 44 -94 26
-74 54 17014 49 -96 27
-69 25 17013 51 -90 40
-77 50 17025 53 -73 38
-84 15 16969 53 -76 41
-99 37 16978 48 -83 22
-27 74 17037 45 -85 30
-73 59 16996 66 -89 8
-64 48 17003 45 -61 31
-63 59 17034 42 -83 27
-63 69 17022 49 -70 24
-109 49 17031 55 -89 29
-100 45 17017 59 -96 49
-68 42 16977 45 -96 34
-47 60 17047 61 -86 28
-76 47 16998 75 -84 31
-112 60 17023 46 -82 35
-59 48 17000 56 -87 16
-88 37 16998 47 -88 29
-74 39 17017 54 -76 23
-85 38 17022 35 -81 23
-83 23 17002 51 -80 17
-78 34 16980 58 -91 34
-84 39 17032 49 -97 41
-64 64 17017 40 -60 26
-72 49 17044 50 -76 42
-58 42 17012 39 -104 37
-90 29 16986 39 -89 35
-77 37 17034 37 -98 16
-111 42 17013 48 -85 26
-73 34 17004 54 -98 31
-67 33 16996 54 -81 22
-75 59 16981 58 -77 23
-86 62 17018 43 -86 35
-107 24 16931 42 -81 37
-91 48 17012 49 -90 27
-71 16 17019 56 -88 22
-91 42 16985 56 -83 37
-95 54 17028 58 -90 22
-72 50 17016 48 -80 18
-73 43 17026 55 -75 33
-87 42 17023 49 -61 26
-85 48 17003 49 -72 25
-92 21 16996 55 -86 40
-75 33 17016 51 -88 24
-89 34 17028 49 -86 32
-91 25 17021 50 -88 34
-77 45 17011 47 -79 21
-66 33 17022 48 -80 41
-39 33 17000 56 -68 42
-101 61 17016 50 -79 26
-75 38 17033 50 -91 29
-30 35 17015 56 -83 37
-100 29 16976 44 -86 23
-77 25 17011 50 -78 41
-72 22 17013 53 -78 28
-76 41 17031 37 -95 29
-100 55 17044 49 -90 26